[Settings]
AutoBreak=0
AutoPause=0
AutoReload=1
ShowUI=1
ShowNavPath=1
UseSpawnFloorHeight=1
UseFindPolygonExtents=0
FindPolygonExtentsX=2.000000
FindPolygonExtentsY=4.000000
FindPolygonExtentsZ=2.000000
OpenDoors=1
IgnoreScriptedDoors=1
MapLineEnabled=1
MapLineColor=4278255360
MapLineLayer=3
VisualNavPathBorderColor=0
VisualNavPathHiddenColor=14391348
VisualNavPathVisibleColor=1033457
VisualNavPathLinkColor=14365848
VisualNavPathVisibleOpacity=0.800000
VisualNavPathHiddenOpacity=0.600000
VisualNavPathBorderWidth=0.200000
VisualNavPathLineWidth=0.899999
DebugRenderPathing=0
[everfrost]
Everfrost LDON= 
LDON Camp=-5045.88 1837.12 -63.9042 
Ldon Entrance=-5451.89 -852.219 183.643       
[thegrey]
Grey Camp 1=
Grey Camp 2= 
GC1=10.1473 -1346.5 0.881562 Start
GC2=571.105 -1531.87 34.3606 
[bloodfields]
afk spot 1=945.027 770.558 -933.591 
[nro]
dung=115.357 -957.7 -65.1061 
[lfaydark]
Ldon Entrance=3847.64 -27.6736 -56.2529 
[jaggedpine]
woodelf-groundspawn=-2620 -60 -50 for wood friend bauble clicky 
[umbral]
farmspot1=-972.497 640.828 -28.4914 
[guktop]
Old Froglok=220 1280 -94 reet quest crown of deceit
[wallofslaughter]
Muramite zone in=-1695.53 1980.55 105.918 
